X = 2.41272
Y = 3.60287
Z = 1.74045
X = 0.071456
Y = 0.0259759
Z = 0.0907883
X = -1182.77
Y = 5482.7
Z = -69.7579
X = 2.41272
Y = 3.60287
Z = 1.74045
